idx,prob
1242,3
1243,3
1244,1
1333,4
1334,9
1335,9
1336,3
1425,3
1426,9
1427,9
1428,4
1515,4
1516,1
1517,2
1518,8
1519,10
1520,7
1521,2
1605,1
1606,4
1607,5
1608,3
1609,3
1610,7
1611,11
1612,9
1613,3
1698,2
1699,5
1700,6
1701,5
1702,4
1703,4
1704,4
1705,2
1706,2
1707,1
1708,1
1791,1
1792,3
1793,4
1794,1
1795,1
1796,3
1797,8
1798,9
1799,7
1800,8
1801,4
1885,1
1886,2
1887,8
1888,20
1889,29
1890,27
1891,23
1892,22
1893,14
1894,6
1895,2
1978,6
1979,28
1980,54
1981,61
1982,50
1983,38
1984,38
1985,33
1986,22
1987,11
1988,4
2070,8
2071,32
2072,56
2073,57
2074,43
2075,33
2076,46
2077,52
2078,40
2079,24
2080,13
2081,5
2082,1
2162,5
2163,20
2164,35
2165,37
2166,24
2167,17
2168,31
2169,47
2170,46
2171,35
2172,26
2173,12
2174,2
2254,4
2255,12
2256,22
2257,24
2258,19
2259,11
2260,14
2261,29
2262,41
2263,41
2264,31
2265,11
2266,1
2271,1
2345,2
2346,10
2347,25
2348,35
2349,24
2350,15
2351,10
2352,8
2353,17
2354,30
2355,37
2356,32
2357,11
2358,1
2362,1
2363,4
2364,2
2437,3
2438,14
2439,37
2440,57
2441,39
2442,16
2443,10
2444,8
2445,14
2446,23
2447,26
2448,23
2449,10
2450,2
2451,2
2452,2
2453,1
2454,2
2455,5
2456,4
2457,1
2459,1
2460,2
2461,2
2462,1
2522,1
2528,3
2529,12
2530,25
2531,42
2532,54
2533,32
2534,9
2535,4
2536,5
2537,11
2538,17
2539,20
2540,19
2541,11
2542,6
2543,7
2544,8
2545,6
2546,3
2547,2
2548,1
2551,2
2552,9
2553,9
2554,6
2555,1
2605,1
2606,2
2607,2
2613,1
2614,3
2615,1
2619,1
2620,11
2621,38
2622,60
2623,66
2624,60
2625,33
2626,11
2627,3
2628,1
2629,4
2630,6
2631,10
2632,14
2633,11
2634,9
2635,14
2636,13
2637,11
2638,8
2639,4
2640,2
2641,1
2643,2
2644,8
2645,12
2646,9
2647,3
2697,2
2698,7
2699,5
2700,1
2705,1
2706,3
2707,1
2711,2
2712,16
2713,50
2714,75
2715,85
2716,79
2717,53
2718,27
2719,12
2720,3
2721,1
2722,3
2723,4
2724,6
2725,7
2726,9
2727,17
2728,18
2729,15
2730,11
2731,7
2732,5
2733,4
2734,2
2735,1
2736,4
2737,10
2738,9
2789,2
2790,5
2791,3
2798,1
2803,1
2804,10
2805,34
2806,55
2807,71
2808,75
2809,62
2810,44
2811,26
2812,8
2813,1
2814,2
2815,3
2816,2
2817,5
2818,9
2819,14
2820,16
2821,11
2822,5
2823,2
2824,2
2825,2
2826,3
2827,1
2828,3
2829,8
2830,7
2831,3
2882,1
2896,4
2897,18
2898,33
2899,39
2900,48
2901,48
2902,43
2903,32
2904,13
2905,2
2907,1
2908,1
2909,6
2910,12
2911,9
2912,6
2913,4
2914,2
2918,1
2919,1
2920,2
2921,3
2922,2
2988,4
2989,15
2990,23
2991,21
2992,25
2993,25
2994,22
2995,20
2996,10
2997,2
3001,4
3002,9
3003,4
3004,2
3005,4
3006,4
3007,1
3011,1
3012,2
3013,1
3080,5
3081,15
3082,13
3083,10
3084,11
3085,12
3086,12
3087,10
3088,6
3089,1
3093,1
3094,2
3095,1
3097,1
3098,1
3104,1
3167,1
3168,2
3169,1
3172,2
3173,6
3174,5
3175,3
3176,3
3177,8
3178,10
3179,5
3180,2
3258,2
3259,5
3260,6
3261,4
3262,1
3266,1
3268,1
3269,5
3270,7
3271,3
3272,1
3349,2
3350,4
3351,4
3352,5
3353,2
3360,2
3361,7
3362,6
3363,3
3364,2
3365,1
3440,1
3441,3
3442,4
3443,2
3444,1
3452,3
3453,8
3454,4
3455,1
3456,1
3533,2
3534,4
3535,4
3536,1
3544,2
3545,5
3546,2
3626,1
3627,1
3637,1
3638,1
3639,1
3730,1
3731,2
3732,1
3823,1
